30
809
186
845
660
320
513
593
947
789
481
417
318
589
172
994
493
202
916
430
300
835
466
707
368
143
213
300
623
196
694
14
247
665
598
691
835
872
590
608
873
904
276
786
295
415
481
768
414
390
205
121
965
599
208
418
907
61
394
168
976
788
391
818
62
508
835
954
158
699
532
956
746
358
490
689
228
481
610
862
58
277
655
865
426
639
662
143
884
306
714
855
57
791
741
939
871
922
969
347
836
219
467
640
598
235
288
745
13
744
485
812
488
858
386
295
782
140
27
340
161
154
946
222
39
460
889
748
857
728
520
805
405
705
624
626
176
185
832
995
163
112
673
56
42
370
764
47
210
600
415
512
460
403
164
849
915
256
251
656
154
565
628
518
723
766
367
807
244
674
536
82
180
575
866
183
158
236
969
613
718
567
608
557
728
661
665
141
873
540
437
941
375
782
604
2
993
724
459
28
996
49
715
673
259
288
717
5
223
282
153
266
235
516
102
197
858
326
823
935
303
456
877
827
956
239
85
8
165
367
52
346
18
985
162
766
964
717
577
306
492
503
876
2
837
67
692
802
449
168
230
898
816
276
778
215
377
920
581
983
749
151
274
188
446
53
636
884
804
139
771
165
315
852
664
586
521
346
942
546
120
817
553
683
654
164
472
209
183
481
50
329
123
675
799
844
598
161
197
395
405
753
323
680
142
222
513
358
144
319
1000
652
939
374
772
908
693
793
971
518
267
264
525
766
723
449
683
233
39
719
263
409
668
901
446
935
549
625
776
153
233
575
196
190
299
389
367
650
374
565
33
539
73
408
387
948
402
170
559
297
239
31
734
786
899
222
612
285
225
996
868
416
624
468
395
592
439
881
799
175
257
634
452
743
677
108
270
715
78
224
775
46
459
850
556
465
431
705
648
148
530
569
53
356
63
263
372
625
921
333
19
117
396
572
621
296
996
391
953
703
501
327
42
444
702
411
176
754
27
825
836
924
382
611
820
873
728
763
469
819
564
578
757
141
228
29
393
427
533
303
818
97
208
582
333
461
889
700
901
990
59
578
20
728
526
30
628
232
3
28
275
637
551
779
420
355
168
452
833
534
949
584
973
199
80
381
205
965
6
612
852
394
420
970
900
723
422
237
425
572
23
591
205
3
780
593
529
717
927
805
427
744
239
47
435
182
181
502
929
731
340
865
898
454
797
82
912
194
536
72
318
69
210
462
753
662
753
915
680
771
886
692
83
682
152
342
378
909
959
743
904
70
717
329
68
763
620
231
857
209
340
476
158
100
815
734
302
949
434
628
69
344
881
422
217
225
681
363
370
851
124
490
47
472
477
141
762
358
73
183
827
930
698
162
678
465
16
395
631
195
206
470
301
120
364
944
621
467
852
814
1
76
728
454
77
177
761
7
691
894
958
774
721
121
932
972
938
615
276
653
467
927
320
184
889
585
522
439
843
23
227
847
649
77
612
153
995
574
340
553
65
535
751
75
949
885
248
160
203
400
784
110
858
706
233
814
173
752
955
107
581
280
492
706
898
366
857
756
512
2
124
129
119
398
9
727
549
1
438
481
731
793
789
913
403
106
787
608
275
15
962
403
673
699
527
418
537
679
398
613
529
296
532
996
903
44
807
261
254
40
507
36
111
826
122
4
740
856
23
925
738
84
295
634
280
304
417
668
613
670
898
367
785
479
30
826
128
188
778
651
721
598
354
253
378
32
714
904
913
472
982
627
409
129
43
944
430
569
788
433
808
400
130
147
567
986
294
754
242
659
751
239
516
987
855
405
217
587
762
970
988
155
193
751
522
168
816
465
788
316
288
827
141
371
422
523
853
449
699
441
746
87
179
373
328
267
79
502
312
493
963
596
852
742
710
933
186
76
697
970
307
719
463
806
245
501
147
712
730
105
658
336
925
136
57
865
296
279
775
365
397
57
243
959
107
677
490
70
596
299
19
504
620
890
620
673
991
185
288
177
59
445
533
822
677
148
990
602
131
159
333
574
621
45
578
348
501
857
845
692
507
978
576
556
503
501
797
945
656
679
641
284
467
387
266
505
108
730
202
352
787
370
549
951
953
540
943
638
595
266
51
482
460
77
562
47
372
852
853
192
160
174
919
394
567
591
491
262
832
959
520
463
46
918
40
110
131
75
162
857
564
560
666
983
12
244
550
58
307
577
404
655
443
103
650
928
95
76
435
539
964
71
504
882
672
885
619
554
707
792
247
993
285
505
386
905
727
824
977
917
856
909
300
797
972
873
936
752
658
54
